37,1
37,3
50,35
3,2
10,123
10,27
10,203
10,199
10,267
10,35
10,293
10,115
10,2
10,3
11,9
11,6
11,17
9,5
9,2
9,3
8,16
8,14
8,15
8,2
8,3
29,5
29,4
29,3
29,2
29,1
29,0
28,4
28,3
28,2
28,1
28,0
27,4
27,3
27,2
27,1
27,0
26,4
26,3
26,2
26,1
26,0
25,3
25,2
25,1
25,0
20,3
20,2
20,1
19,3
19,2
13,1
19,1
13,3
18,3
18,1
14,3
14,1
12,3
12,2
12,1
11,30
11,29
11,28
11,27
11,26
11,25
11,24
11,23
11,22
11,21
11,20
11,19
11,18
11,16
11,3
11,2
11,1
10,314
10,296
10,290
10,288
10,170
10,160
10,150
10,140
10,88
10,1
10,24
9,1
